0.48046730062924
0.69248608942144
0.32869025412947
0.71202695905231
0.66209997399710
0.15142042189837
0.13487631501630
0.42526115477085
0.81806264468469
0.38575137103908
0.37997113191523
0.31548385252245
0.07275421870872
0.00824718549848
0.13679496664554
0.85614075791091
0.87526231491938
0.74244079389609
0.42981491633691
0.65013744425960
0.68829256156459
0.17657228419557
0.50641521741636
0.45274491515011
0.79333732835948
0.46120804059319
0.79135063663125
0.31824889592826
0.71883030608296
0.49053995008580
0.41255799937062
0.69449838134460
0.89092040993273
0.42185264336877
0.58208508347161
0.81854337942787
0.33757148310542
0.78356525860727
0.33057648269460
0.19396498124115
0.59424891276285
0.85729015385732
0.76496254862286
0.81305286311544
0.18542121839710
0.45074962940998
0.63753412384540
0.59120701346546
0.36732257949188
0.36435976508074
0.60896063223481
0.88122391910292
0.13778074295260
0.75164698855951
0.92445623734966
0.51506239315495
0.55972966598347
0.09211937221698
0.23120639938861
0.52941971272230
0.30682312790304
0.35786045854911
0.22479785187170
0.99504870199598
0.09632097091526
0.15304748294875
0.86540706153028
0.78902954631485
0.64137646695599
0.81316289724782
0.22688534925692
0.72141622216441
0.23696851218119
0.60869321320206
0.85884084575810
0.66793069406413
0.72646380029619
0.45130572281778
0.60215293127112
0.39790389873087
0.31990905036218
0.41362258885056
0.29141569975764
0.85061384388246
0.66402430785820
0.30090035754256
0.98702428839169
0.73783210734837
0.67238696385175
0.23829612042755
0.13607153389603
0.54107464314438
0.20794955687597
0.29960133880377
0.34591329423711
0.45205501909368
0.08156421664171
0.67132485192269
0.29867163673043
0.82790536619723
0.12038781493902
0.63090543635190
0.98207187466323
0.82527200318873
0.36446132883430
0.72867758665234
0.91906404169276
0.07001766166650
0.58255781023763
0.66433939058334
0.16480795480311
0.22848210972734
0.59632527828217
0.98790119332261
0.21819963911548
0.27800509030931
0.24795299069956
0.26056438032538
0.52041381481104
0.79350617504679
0.69960441114381
0.72740011569113
0.20291280467063
0.39473615307361
0.71760974591598
0.74403395829722
0.22613243153319
0.08184645767324
0.62403664947487
0.17965655308217
0.51175898336805
0.21831658878364
0.66599559597671
0.94731985172257
0.57762568793260
0.54573604837060
0.12190569075756
0.82525386800990
0.62080703070387
0.06339654629119
0.66635302943178
0.34157699230127
0.35435071587563
0.43245808593929
0.99483555182815
0.59923067293130
0.27627743338235
0.87160434667021
0.44433914008550
0.69445368950255
0.80266494443640
0.11871512071230
0.63874685857445
0.90891996049322
0.13990089250728
0.88634312828071
0.81935259653255
0.66884787240997
0.34339301055297
0.99949689558707
0.59993462613784
0.21084074443206
0.44921564008109
0.12030110624619
0.42920052539557
0.91994032403454
0.40614330931567
0.44612026936375
0.52130702114664
0.89514778228477
0.00693917949684
0.90131010022014
0.70002772542648
0.17985405749641
0.90475990506820
0.97424089326523
0.36532630701549
0.02761495276354
0.60124429455027
0.69505637232214
0.93035299214534
0.71701111341827
0.06883936817758
0.37691760994494
0.10643407586031
0.88598054926842
0.54483182053082
0.53518365742639
0.77933813282289
0.91507085971534
0.69231306924485
0.99414295097813
0.38259991793893
0.61636497778818
0.23058303445578
0.07816997892223
0.43634433951229
0.28897341690026
0.68623314891011
0.23619181453250
0.43604385317303
0.40534541476518
0.68479269929230
0.32527323951945
0.72377286897972
0.30587781802751
0.55018536932766
0.33464377210476
0.87209291453473
0.98390734056011
0.41581221995875
0.29265204165131
0.57215106673539
0.15093630948104
0.63248799066059
0.90516225248575
0.92971724062227
0.33595879958011
0.32533195754513
0.09843766828999
0.32437815074809
0.06546473898925
0.07738874573261
0.33034393959679
0.46528398594819
0.21665983228013
0.09057536046021
0.63927767099813
0.20774424239062
0.77903825324029
0.62530430336483
0.19936650525779
0.24282435048372
0.51255833799951
0.74959984538145
0.58958865283057
0.96588416351005
0.39113981812261
0.95775517192669
0.79256897023879
0.77486597071402
0.60704531450756
0.39216936775483
0.96119332243688
0.04304845607840
0.51573473401368
0.02021595882252
0.83085820125416
0.59421345475130
0.76969144376926
0.33954446832649
0.26640313747339
0.18314000265673
0.40060320566408
0.27851428929716
0.00651517650113
0.70790660358034
0.08369212062098
0.89529784279875
0.50478484667838
0.30310843349434
0.54637352353893
0.34065510728396
0.53418941050768
0.95342993410304
0.74984518019482
0.19839408295229
0.34108824748546
0.96167406113818
0.39314456982538
0.76237586769275
0.15979091892950
0.60579301067628
0.95510222646408
0.67507893615402
0.66107282764278
0.73894279799424
0.34400020609610
0.80125161819160
0.82829642877914
0.36069607036188
0.94380955840461
0.98624086915515
0.19014360243455
0.61887832521461
0.17082153353840
0.63881721929647
0.98505290341564
0.82310385792516
0.26297590043396
0.45019813207909
0.52619644580409
0.11177361616865
0.40298747364432
0.16654889215715
0.41628689994104
0.71549767279066
0.90500090713613
0.55164321279153
0.53744883462787
0.99669982236810
0.77147545688786
0.88464461266994
0.30847566644661
0.52575965970755
0.12678313837387
0.74201879161410
0.94649442587979
0.20903736469336
0.61027549346909
0.98241757019423
0.07004319457337
0.86491815350018
0.81035901070572
0.33296139235608
0.95144416880794
0.43285042815842
0.25628194096498
0.98138525616378
0.97091735177673
0.21659446414560
0.99679200584069
0.98950884444639
0.64145741588436
0.80734037677757
0.05848052026704
0.09786545159295
0.83746782760136
0.85382696241140
0.66003279457800
0.67868218012154
0.26475441199727
0.86076691583730
0.68849243433215
0.75874213594943
0.02586960187182
0.17872756626457
0.48457501945086
0.82509309751913
0.19943751185201
0.88731379760429
0.95457568601705
0.84583962731995
0.00570457032882
0.62803600146435
0.82620170013979
0.97304045083001
0.84279904817231
0.98813905869611
0.91651202365756
0.23523518699221
0.42278277594596
0.63265398424119
0.29441583435982
0.42967530968599
0.51056330464780
0.87361205741763
0.04138235072605
0.18750761495903
0.76821815688163
0.06275810161605
0.87775778281502
0.60721179447137
0.30483722174540
0.32080224668607
0.36947019351646
0.72546596988104
0.82219140720554
0.02587900357321
0.07631148304790
0.26615990372375
0.03755969670601
0.45138717629015
0.88912494108081
0.27707318379544
0.41726078093052
0.93313466780819
0.65279201441444
0.02407750720158
0.31310601299629
0.64585339091718
0.79067148920149
0.28125711600296
0.74967935704626
0.90929153538309
0.23248468991369
0.60244967462495
0.99917706917040
0.23615556955338
0.51496952190064
0.51568200648762
0.90639199013822
0.42560732853599
0.67150509310886
0.71327787078917
0.53743728017434
0.79314272501506
0.37946211732924
0.65649556973949
0.08007062668912
0.55333371576853
0.51687847310677
0.29746784316376
0.31302542239428
0.76207406958565
0.88126819068566
0.62043579691090
0.04486687458120
0.06289799022488
0.64057376794517
0.02509164088406
0.91056737327017
0.49228805932216
0.72745845187455
0.91827069479041
0.83469524979591
0.97302946541458
0.32148100668564
0.90724498801865
0.63167172158137
0.99625339335762
0.71963806357235
0.58848348096944
0.83420326537453
0.68610786600038
0.25390394427814
0.39180439780466
0.36734333680943
0.50045335362665
0.36475592013448
0.95513454009779
0.19601312512532
0.44217689498328
0.44065094040707
0.84903457830660
0.12262756167911
0.23975802934729
0.67024802765809
0.18357636616565
0.26777510973625
0.08448239718564
0.48585875704885
0.92565751285292
0.63048707949929
0.64365488197654
0.92540697730146
0.69717452488840
0.18869810155593
0.75552893918939
0.67881154851057
0.83219375880435
0.72185394866392
0.76932802284136
0.56154998322017
0.45687730726786
0.93478254345246
0.20402317680418
0.27172293188050
0.88911115122028
0.08955969777890
0.30341841652989
0.82162926252931
0.64206514740363
0.43980707670562
0.78795792348683
0.01083787390962
0.81765642296523
0.58068512030877
0.76041637151502
0.80165847088210
0.82493314077146
0.81245647300966
0.98567100311629
0.32090297248214
0.81195856817067
0.80744708515704
0.83214042894542
0.12855334463529
0.04695188743062
0.93373639835045
0.85801896499470
0.33431786089204
0.34979832544923
0.21489659207873
0.88638333184645
0.10347135784104
0.81793464184739
0.95613705203868
0.63690541754477
0.14366344013251
0.57269840152003
0.58736706199124
0.38773624878377
0.57869505044073
0.30654096230865
0.45942918793298
0.56440059933811
0.06489194533788
0.17401241161861
0.53455033875071
0.74697809247300
0.94869244331494
0.89540053671226
0.62790424376726
0.03418005281128
0.02538703125902
0.56009915657341
0.66954675572924
0.75324476417154
0.81344157084823
0.35856255795807
0.96891059866175
0.23983648675494
0.61472805636004
0.30494862492196
0.58870135294273
0.49408347764984
0.82039814372547
0.29303374374285
0.30423780134879
0.04137380397879
0.70853509195149
0.92337643308565
0.80673194257542
0.08089301525615
0.63036152767017
0.82792468694970
0.68172301142476
0.66998335532844
0.82988672959618
0.21731916279532
0.33900148095563
0.70459897257388
0.22575166542083
0.42502146540210
0.64754004566930
0.00419941358268
0.69676265004091
0.55309628043324
0.10985005251132
0.21715430892073
0.20250239316374
0.75621460471302
0.05449726269580
0.51662537711672
0.30214476375841
0.68766868114471
0.32408460555598
0.92644975124858
0.68560727499425
0.84215308399871
0.50895680510439
0.86543447594158
0.77901293872856
0.91269551683217
0.80154464021325
0.70047377562150
0.29593363497406
0.43181592435576
0.66827081376687
0.71589105599560
0.65920734335668
0.35236308281310
0.68127355794422
0.55807400168851
0.87624876946211
0.55869104689918
0.82777163991705
0.76921074977145
0.23117732303217
0.97147547034547
0.35619295225479
0.82758614909835
0.49659321620129
0.74569057556801
0.60776249878109
0.98609139141627
0.92478365381248
0.42304899403825
0.68169134296477
0.54388814303093
0.09599508717656
0.61996680544689
0.63543300842866
0.12104390049353
0.47449982631952
0.07366644381545
0.54370356490836
0.19101513712667
0.84968681167811
0.85005656024441
0.61363594373688
0.79886803380214
0.06572480592877
0.71033339342102
0.73626796668395
0.27483216277324
0.71002887329087
0.48463454353623
0.81569744227454
0.64718366740271
0.75178820150904
0.24902292247862
0.29750797012821
0.95181600167416
0.84730249689892
0.92833860148676
0.32731958664954
0.04536704719067
0.32630391069688
0.05260664341040
0.03312197141349
0.76481421804056
0.95712743746117
0.05367032461800
0.80476964195259
0.32242967863567
0.28589822771028
0.46789726754650
0.70361784938723
0.78608367964625
0.05986699229106
0.43969521764666
0.07877350808121
0.31024801661260
0.35118550225161
0.37227567820810
0.13868134189397
0.69118387531489
0.28556799911894
0.55890946881846
0.81694980408065
0.13006473844871
0.13823206373490
0.72905698115937
0.72549006249756
0.05748017434962
0.35209353244863
0.81949641695246
0.07080760109238
0.80471297609620
0.58943920861930
0.80589320813306
0.64718259614892
0.83652417408302
0.33155575976707
0.45372311142273
0.23457862576470
0.26691900123842
0.22262665047310
0.04661989863962
0.31760340463370
0.38529980136082
0.75392293045297
0.40833858330734
0.39735313435085
0.02777861268260
0.66434806538746
0.74952394166030
0.43847915041260
0.54234518855810
0.16684930003248
0.35260664671659
0.94056746293791
0.38625480351038
0.84328877460212
0.80610141623765
0.16378013021313
0.25612641847692
0.05690581374802
0.27936142450199
0.20975743862800
0.10503322654404
0.06257634470239
0.03504636720754
0.35292112012394
0.56650930666365
0.59283880167641
0.00221707392484
0.02671747654676
0.64715890283696
0.78171204566024
0.08195603243075
0.03777280217037
0.90957583277486
0.53527790377848
0.39656497538090
0.55030368012376
0.13047561212443
0.88711415557191
0.37175144883804
0.81089318264276
0.74988650158048
0.06030371948145
0.31411978090182
0.07127824798226
0.97761672106571
0.99030175199732
0.94505838304758
0.36596426507458
0.81741740228608
0.64838319388218
0.76202099141665
0.29994651325978
0.39382469165139
0.60388922668062
0.49079291615635
0.79645621776581
0.12322868173942
0.79639990930445
0.43379106023349
0.90317936125211
0.55826285947114
0.23790100030601
0.87159226532094
0.06640095380135
0.48230288713239
0.94964731158689
0.08049015956931
0.79692735173739
0.04735222505406
0.91565817664377
0.90423603425734
0.02796569257043
0.88743793033063
0.29061122634448
0.93303064373322
0.89872857369483
0.63719716900960
0.48248052154668
0.29322047857568
0.12977388524450
0.39457924128510
0.98420871724375
0.84995231335051
0.53495575767010
0.82577398442663
0.84697495354339
0.34055099310353
0.86915727285668
0.38874975359067
0.90889276284724
0.48197190393694
0.11242757504806
0.77490897616372
0.67403290676884
0.36455337796360
0.41496286750771
0.62871162546799
0.98781181569211
0.74596761818975
0.92436227435246
0.08142386190593
0.46406627027318
0.62168673565611
0.35683799325489
0.29903221386485
0.49720656638965
0.39838435128331
0.04460361343808
0.14591734297574
0.71883224882185
0.50403074477799
0.74685025797226
0.97147472715005
0.13074357807636
0.12331408215687
0.89519008551724
0.23673033644445
0.68020978802815
0.10797309898771
0.73525311262347
0.66620811610483
0.69917013728991
0.66272473824210
0.44729961478151
0.94618013594300
0.52581846993417
0.29035268304870
0.44394368282519
0.49557765526697
0.72907980903983
0.90733958547935
0.58058570674621
0.51883967407048
0.64339641691186
0.58851141389459
0.40963302669115
0.20541821583174
0.51577609661035
0.80630093836226
0.99906082754023
0.55703892139718
0.76265895552933
0.76441018283367
0.33385945274495
0.21716018044390
0.92089232779108
0.08677103859372
0.20987796783447
0.65254916669801
0.05214917240664
0.93718569166958
0.50477245054208
0.61334144207649
0.19148802547716
0.71594676445238
0.65930842654780
0.43641321291216
0.58954118494876
0.98675912944600
0.28164879721589
0.20756639260799
0.94401566591114
0.59438728285022
0.02383040683344
0.07876075524837
0.93682198482566
0.22986846836284
0.64673351007514
0.43987659760751
0.80237496737391
0.14541817642748
0.43369273631833
0.87874411186203
0.01519449497573
0.38693549297750
0.61981428298168
0.27415847172961
0.07091367826797
0.46631559985690
0.21963243698701
0.42213638918474
0.14875840442255
0.34292383771390
0.09528145403601
0.94654251821339
0.51739434269257
0.27574014407583
0.81985958898440
0.12891031755134
0.48997797141783
0.61069449572824
0.01882311725058
0.23559785867110
0.54812683234923
0.11635991535150
0.28488878067583
0.49125868757255
0.09598516277038
0.98281816183589
0.55034562363289
0.22554980032146
0.03603395540267
0.96306906430982
0.55962289893068
0.70420471765101
0.06679328694008
0.23061253479682
0.50304009090178
0.68598758499138
0.07703145779669
0.55876323953271
0.28628545487300
0.34241664828733
0.92757622548379
0.10887103294954
0.63370610680431
0.15387630276382
0.78800859185867
0.17955242027529
0.45281974389218
0.99167869845405
0.85944972722791
0.03553288988769
0.83774781762622
0.87937331944704
0.23569198511541
0.08492556703277
0.00741934799589
0.78467569779605
0.26287729293108
0.32285138498992
0.27347584092058
0.74237043992616
0.89127924689092
0.71996352775022
0.57295154803433
0.67042445065454
0.41361524816602
0.71178571344353
0.96726009389386
0.68119055079296
0.26291982107796
0.34301457880065
0.41625361144543
0.34198641497642
0.20475920755416
0.89896160806529
0.30549723654985
0.71244415361434
0.54264655173756
0.58032521419227
0.28494156477973
0.13416378572583
0.47207273053937
0.56816017278470
0.23321719281375
0.70988240512088
0.86516207503155
0.95563121745363
0.79175830865279
0.43608017079532
0.44521365175024
0.34742250246927
0.67816522368230
0.64652269263752
0.89464617031626
0.42422415991314
0.39818094158545
0.56239696685225
0.93949521961622
0.65940646291710
0.91787625476718
0.30940334312618
0.88032282167114
0.09209323418327
0.51097181858495
0.84407021035440
0.21526802307926
0.31072281626984
0.77311220322736
0.11768514756113
0.92026694049127
0.38143546436913
0.07560313260183
0.14878246677108
0.92115672188811
0.02486720797606
0.22685446031392
0.50573470373638
0.45759248617105
0.22833977476694
0.85902830120176
0.37542041670531
0.31848025554791
0.74085094779730
0.21518975333311
0.10086736246012
0.90821976540610
0.26131818303838
0.49200318800285
0.86481573572382
0.33543298975565
0.02133646677248
0.18297416926362
0.36736689903773
0.26835080562159
0.07275015558116
0.30284600029700
0.36704003158957
0.13988973479718
0.79609791678376
0.62112513836473
0.58731920155697
0.02630080631934
0.09655817993917
0.28010480431840
0.84969902923331
0.33708179066889
0.13243490853347
0.57198772672564
0.02321139816195
0.06672731088474
0.54485784494318
0.75528346002102
0.22756199655123
0.63566184113733
0.99942679447122
0.87924975063652
0.13409973657690
0.95080806384794
0.67399263405241
0.17778650787659
0.42261049407534
0.03854083805345
0.50976501102559
0.25142231816426
0.72103735432029
0.24822725704871
0.49334796960466
0.17869581002742
0.26563589414582
0.49605095409788
0.38726999028586
0.95342836505733
0.22461964515969
0.30559469084255
0.50637325993739
0.97691587149166
0.05193708022125
0.08655288140289
0.91317211464047
0.09185465099290
0.68769533745944
0.70298059284687
0.17634495091625
0.79875770560466
0.71887741866522
0.74191790074110
0.82838640641421
0.40491470741108
0.37059303442948
0.95001865504310
0.53669647709467
0.73882089741528
0.94033669098280
0.28785963403061
0.27613048488274
0.09137223241851
0.87122463923879
0.69917969568633
0.81424936978146
0.68545388639905
0.63529156218283
0.75709564355202
0.31468580756336
0.87801197683439
0.97763634845614
0.76463891007006
0.44113041297533
0.48418970918283
0.46489154151641
0.89750188821927
0.37021935568191
0.45277020032518
0.83578243479133
0.02589785726741
0.16479977639392
0.68880662112497
0.45387536380440
0.46680159820244
0.81159879569896
0.35828300612047
0.18527238839306
0.06718210177496
0.05815932084806
0.08339676400647
0.65348452073522
0.13225479517132
0.03031448833644
0.68564501311630
0.67045943648554
0.85922296717763
0.71349719096906
0.18826931365766
0.20408103917725
0.21402220474556
0.55774860153906
0.43988504540175
0.08245064481162
0.85039278166369
0.10100921313278
0.26118550868705
0.03414053237066
0.00569136580452
0.66294475924224
0.71176322619431
0.26794376224279
0.04682517843321
0.28291603503749
0.77084097475745
0.68510907492600
0.89468552451581
0.67295599193312
0.57006963551976
0.67771050613374
0.57595763262361
0.80583673552610
0.41111703589559
0.31188640324399
0.00773896742612
0.87696427968331
0.38125440431759
0.60025021177717
0.07238285290077
0.68520260090008
0.78210136480629
0.22377048362978
0.82134184520692
0.71942814509384
0.44102324685082
0.32619585446082
0.62477710144594
0.06415820284747
0.62375724967569
0.52293596393429
0.36053200718015
0.05526568181813
0.47354841511697
0.22258216701448
0.13760923757218
0.74720900319517
0.12681424897164
0.97381372610107
0.56232883431949
0.95647911261767
0.91371557698585
0.50748842954636
0.67854529200122
0.40056982776150
0.72931596683338
0.34956888668239
0.38120972388424
0.77714999741875
0.16146409581415
0.41192152840085
0.39661749918014
0.78896702756174
0.24395588925108
0.89005753956735
0.33410372887738
0.90685030724853
0.81417495966889
0.98476481623948
0.85031641670503
0.36772754648700
0.28943321923725
0.44075219961815
0.69889834336936
0.97898636385798
0.65089123952202
0.89862874848768
0.56824811920524
0.99236644944176
0.74256052263081
0.86326696863398
0.74803224764764
0.14578626374714
0.04866918502375
0.88162471284159
0.78723031212576
0.95858105644584
0.13109870161861
0.35453992965631
0.77755157044157
0.57666613301262
0.22212638566270
0.46238006488420
0.21514425892383
0.47160054929554
0.57058996451087
0.73630649619736
0.36396512109786
0.72187676932663
0.71742733637802
0.89891905360855
0.55307310516946
0.05127944797277
0.41504143923521
0.53828120161779
0.99528542114422
0.26005342230201
0.89641270181164
0.13244488672353
0.03373144054785
0.01286905584857
0.81328888610005
0.62678493955173
0.71972131263465
0.06149410712533
0.34299563337117
0.29261821927503
0.95901044411585
0.18335835123435
0.09073548018932
0.70821594470181
0.37563570449129
0.44244134332985
0.09856476425193
0.05486255814321
0.60305413487367
0.17275267257355
0.26951025216840
0.05787512892857
0.30530784418806
0.80149234971032
0.95998222054914
0.92293083644472
0.92537315981463
0.19776677736081
0.74796013627201
0.97208347101696
0.95685954391956
0.08980999980122
0.33167881937698
0.19010130944662
0.62939689541236
0.16340856859460
0.07175698131323
0.01152950827964
0.81637317663990
0.84962060628459
0.13798383204266
0.14357135747559
0.83384021767415
0.96970819635317
0.87565375468694
0.21416423283517
0.08095098729245
0.38788109086454
0.76918549533002
0.99305480881594
0.15488117747009
0.51686768489890
0.32286078110337
0.46303189382888
0.89433027873747
0.43228438450024
0.40333516430110
0.28720291401260
0.89297047792934
0.62979317409918
0.45283502689563
0.25628272560425
0.85540784266777
0.54419136326760
0.09702306194231
0.42996070557274
0.87994789308868
0.59895677841268
0.77570056100376
0.68574984651059
0.87383955041878
0.85972030088305
0.61824833182618
0.84392475546338
0.97843748028390
0.29604414314963
0.69122741906904
0.64667581557296
0.42695248848759
0.40710357297212
0.50411949492991
0.90272627584636
0.03469110350125
0.14382096286863
0.16147107910365
0.18563455971889
0.95300342841074
0.81656961934641
0.56616272078827
0.83741889800876
0.22521984414198
0.03393354709260
0.12408954417333
0.60943410405889
0.68735122890212
0.33583352714777
0.04862636839971
0.54120520548895
0.79537247586995
0.44984835456125
0.56203995156102
0.46337729226798
0.78795927180909
0.70677174627781
0.63053357345052
0.97585803270340
0.53351576975547
0.04314910923131
0.39060216327198
0.06728113768622
0.90477248490788
0.45250370819122
0.39162214729004
0.80301873548888
0.66534341895021
0.92719823797233
0.95389218581840
0.85289702960290
0.81540874321945
0.65820086165331
0.91398971504532
0.65399855584837
0.19756926083937
0.82707456173375
0.46656684228219
0.46845798566937
0.52276045200415
0.39055020525120
0.45076964190230
0.46606508479454
0.25313027296215
0.49407459003851
0.29687680955976
0.23743854952045
0.18393508601002
0.47077997820452
0.83790614269674
0.72481662104838
0.65283296559937
0.73693697666749
0.89279217110015
0.14337144047022
0.87346167862415
0.88475618371740
0.15652139601298
0.91306147980504
0.40402802475728
0.77568255621009
0.94400623440742
0.98668808792718
0.75986578641459
0.87486112443730
0.59779091738164
0.99653687141836
0.22279657889158
0.46088392008096
0.16872969083488
0.95311816222966
0.63501103036106
0.51548234373331
0.22305916156620
0.94987542554736
0.91188810137101
0.68873458215967
0.57654777588323
0.13578346930444
0.21542646992020
0.74116746801883
0.13051588321105
0.21402016468346
0.91261699399911
0.69301619660109
0.36010168865323
0.69989264919423
0.17619553906843
0.31528845825233
0.72959723020904
0.73281459650025
0.25921233603731
0.45695258514024
0.46790829929523
0.09937214083038
0.06530445697717
0.45386573043652
0.16252214438282
0.83046212885529
0.36666645598598
0.71103002270684
0.83494988456368
0.45489823236130
0.99853247543797
0.51661556889303
0.97126389713958
0.63867149711587
0.30922489007935
0.96874777926132
0.99005403951742
0.07759032351896
0.92860028846189
0.10637609846890
0.25067842681892
0.65738598722965
0.36635132925585
0.73474425706081
0.84084971505217
0.03570399759337
0.77816345170140
0.08358908491209
0.23754895827733
0.98836021381430
0.61860205535777
0.03554816660471
0.86880257958546
0.72456587664783
0.35882386472076
0.20336748915724
0.15217838692479
0.50960301631130
0.43823521933518
0.27984489733353
0.90341997775249
0.75243377033621
0.36624693102203
0.43924543308094
0.18374533555470
0.57447923021391
0.17459076666273
0.53006540727802
0.08179406193085
0.14794546226040
0.52003142517060
0.00422525242902
0.41286277212203
0.73238286795095
0.39426503982395
0.57106092548929
0.85995846078731
0.90868343482725
0.29503380903043
0.47219303040765
0.59806088428013
0.43662395793945
0.31544638960622
0.71995824831538
0.92579127661884
0.30202499055304
0.76476325467229
0.33176587475464
0.05227795755491
0.07958882558160
0.46072139148600
0.83278017351404
0.40051124920137
0.17559601995163
0.61643934994936
0.24047367647290
0.93407806125470
0.47532074549235
0.83409997867420
0.29846857115626
0.90506132761948
0.22689259983599
0.41586209880188
0.73161263810471
0.17877483670600
0.33055274351500
0.64519662829116
0.91903025750071
0.86963483970612
0.80675283703022
0.48274686979130
0.42166295950301
0.15888631506823
0.54498316999525
0.84789824206382
0.79500537505373
0.92912785895169
0.50533352233469
0.06117301038466
0.93198823672719
0.76196347340010
0.97922483831644
0.43224928132258
0.31655462621711
0.72426629159600
0.57233635406010
0.29793607536703
0.41886500711553
0.35442695440724
0.27153146127239
0.37854046863504
0.98119370895438
0.37715359008871
0.11526586906984
0.34896661597304
0.87713447376154
0.12355541507713
0.52802059357055
0.25838642218150
0.50262277899310
0.94172982568853
0.90899909660220
0.00469285924919
0.58488407428376
0.63702004239894
0.13874618848786
0.96528552705422
0.91966160945594
0.47864128742367
0.73079646076076
0.50145087903365
0.56751734949648
0.92757726088166
0.25877963704988
0.55822204332799
0.17252083681524
0.22946742014028
0.09364003944211
0.93333878717385
0.01286669168621
0.96729085594416
0.67197785945609
0.83944315160625
0.86081435717642
0.78732307092287
0.68908180645667
0.56165723549202
0.11040326417424
0.89008719450794
0.72453603427857
0.61758456355892
0.11280973977409
0.42521104728803
0.44696426065639
0.46446327329613
0.00289492378943
0.78751152683981
0.88185120210983
0.77938596811146
0.46747559891082
0.88651633309200
0.85026528895833
0.71474896301515
0.16148248268291
0.95298426318914
0.27988771791570
0.69710482051596
0.80297248088755
0.52036060090177
0.99095768644474
0.42402099282481
0.37415644340217
0.17932690167800
0.34657971491106
0.56037534633651
0.67832802305929
0.79200145159848
0.71813475061208
0.46486215083860
0.94815704762004
0.86455224314705
0.91723686130717
0.18642684794031
0.79320551175624
0.59892045520246
0.16336044948548
0.82678609644063
0.74217591597699
0.18269769079052
0.78394348570146
0.28027764055878
0.88792509329505
0.04188128444366
0.55935831158422
0.11372879310511
0.17016985919327
0.45591212785803
0.10784080135636
0.55901062441990
0.68087711557746
0.70915503916331
0.65165105741471
0.00845196680166
0.34353007562459
0.18010821426287
0.36822481127456
0.44001026311889
0.70494776102714
0.40106524876319
0.93048074818216
0.84623107872903
0.07121618301608
0.65130133577622
0.49113143049181
0.06926641659811
0.49128963937983
0.56515846634284
0.98579617030919
0.40805616974831
0.08220287086442
0.27600605739281
0.49511770601384
0.74436138826422
0.11790659069084
0.87021102337167
0.87547347019427
0.36330281873234
0.80938415345736
0.59672526153736
0.58976221038029
0.36438718345016
0.19126608618535
0.07975152111612
0.39237728877924
0.07926716376096
0.68391684559174
0.02072534989566
0.56067560869269
0.10314479051158
0.87682458059862
0.76210699952208
0.31103763193823
0.21265954663977
0.30173630104400
0.62087016319856
0.99537888285704
0.92110792500898
0.20535453315824
0.03248905017972
0.10088503616862
0.43031768081710
0.02714664931409
0.54339109687135
0.98192872200161
0.22182552772574
0.92702491860837
0.96476094564423
0.36393574532121
0.85290657286532
0.74835150549188
0.24437077436596
0.74290848430246
0.40591925568879
0.43263285863213
0.06002071755938
0.90990364272147
0.62634765473194
0.23525164648890
0.23629468842410
0.56254339544103
0.77511149994098
0.49276453047059
0.70564390136860
0.38790002837777
0.72566326847300
0.87428436498158
0.13272713287733
0.67673419322819
0.47203524340875
0.33138141990639
0.23468552902341
0.76450020796619
0.45822227257304
0.76370947156101
0.11611408344470
0.66558039234951
0.97787762084045
0.46077952859923
0.60695881373249
0.27438795845956
0.36422351724468
0.29803322069347
0.18681023316458
0.46499094599858
0.32046441989951
0.11676838248968
0.41508431499824
0.58772282581776
0.37179370713420
0.93420516070910
0.94898884370923
0.60283619374968
0.51527109276503
0.74174755904824
0.98179602785967
0.31801307713613
0.37803391902708
0.60372491343878
0.38909127796069
0.17447750014253
0.22263910388574
0.68939982191660
0.20338453468867
0.35969917196780
0.36035245074891
0.92845604382455
0.46092588035390
0.94000460486859
0.54049322265200
0.64710105024278
0.37957001384348
0.75757054914720
0.19757674378343
0.73916687909514
0.38323567691259
0.85388805554248
0.43353131879121
0.49870631587692
0.71460275212303
0.37708769389428
0.02564013167284
0.76155751175247
0.70624882401899
0.82519659353420
0.68935639224946
0.69602123857476
0.09583292645402
0.32666847412474
0.11865584668703
0.23917779931799
0.84097196697257
0.86573182814755
0.87270179716870
0.31928064627573
0.78003389900550
0.87986200698651
0.43924230337143
0.27001415938139
0.64938813378103
0.83566186530516
0.36993296490982
0.74347709654830
0.03813606826589
0.38750912784599
0.82260243571363
0.08489133324474
0.14368496160023
0.56370680779219
0.29681995930150
0.70408457051963
0.72147016273811
0.23332386976108
0.96393988002092
0.79999698069878
0.16091561364010
0.59489801060408
0.61101307370700
0.40476133697666
0.22944913385436
0.95374245825224
0.44081011181697
0.15517415688373
0.15400779177435
0.95934933936223
0.63858728180639
0.53133341041394
0.37914383481257
0.56406974513084
0.60153341852129
0.63416532590054
0.44866702053696
0.32714110054076
0.88947150576860
0.70505844173022
0.15538921789266
0.53287419816479
0.27724944381043
0.80334704392590
0.72469714353792
0.09087674343027
0.90917114121839
0.37092340039089
0.30836903490126
0.53184525039978
0.13529987377115
0.61233259830624
0.70935910078697
0.82681685802527
0.01861078175716
0.52820783294737
0.71577804861590
0.60123335523531
0.68212117045186
0.82647212385200
0.42158375983126
0.47048333706334
0.57392750773579
0.79726342554204
0.69083897420205
0.31438458734192
0.09861847455613
0.43305149092339
0.03680483903736
0.16999924136326
0.68933625239879
0.38699214137159
0.56175782671198
0.83601480745710
0.13507713447325
0.06160169839859
0.30760110542178
0.12828412884846
0.36399224214256
0.44067132403143
0.57723733806051
0.66255403868854
0.13205082970671
0.57183065125719
0.80657132086344
0.03434015507810
0.17255905549973
0.93806206877343
0.99331973353401
0.32230051490478
0.89043215080164
0.66847587027587
0.19727899460122
0.20723532256670
0.23116656462662
0.87300570937805
0.62192604760639
0.03489386290312
0.58381092664786
0.52382267033681
0.63395779207349
0.15782685717568
0.04008760396391
0.07220284314826
0.46765613229945
0.20826789573766
0.54333560820669
0.17488511255942
0.35413207346573
0.93451381521299
0.64395254035480
0.14852736657485
0.39720012340695
0.66938215051778
0.99565476621501
0.36344964755699
0.77278011688031
0.79422513209283
0.04477837262675
0.94251380837522
0.87564389174804
0.01633425382897
0.86846438678913
0.56490403297357
0.49314270191826
0.52993232524022
0.44059796747752
0.07316178781912
0.67610633815639
0.20953794685192
0.33855472411960
0.28223384288140
0.68896097154357
0.47287677507848
0.83472775085829
0.16610503988340
0.87476312648505
0.08821918955073
0.44541448401287
0.08303794218227
0.00499727646820
0.00283796899021
0.99182732868940
0.72411868930794
0.94550508749671
0.47781323944218
0.42565992125310
0.03483011946082
0.32609222433530
0.66775657585822
0.92201328207739
0.70583126693964
0.09157900814898
0.18789357645437
0.91857481584884
0.58037311071530
0.97693540574983
0.00172516983002
0.21837443951517
0.04276972380467
0.30923212203197
0.62940893112682
0.03540301742032
0.62473518657498
0.51966087659821
0.40787781821564
0.49245318840258
0.52889385819435
0.32115263282321
0.23961120657623
0.51290476298891
0.49247181508690
0.83440607134253
0.46685661072843
0.88637294759974
0.94589689420536
0.58345794025809
0.98337839823216
0.39112899452448
0.57284312951379
0.39039679476991
0.19042724627070
0.09632263099775
0.79496139544062
0.66045793518424
0.93636232521385
0.65197134669870
0.72538686008193
0.25571852084249
0.30774636799470
0.89340363815427
0.89386653178371
0.77988873398863
0.89248607074842
0.99351698369719
0.89755882835016
0.77343598753214
0.88537329225801
0.34275641990826
0.83454695483670
0.99358914420009
0.08267833199352
0.80548480828293
0.43818609789014
0.65220734919421
0.51988865062594
0.29455220839009
0.15971789788455
0.18590948148631
0.92751837708056
0.03492275881581
0.03674913756549
0.03199807670899
0.42427080310881
0.21562300412916
0.03587539121509
0.72739508282393
0.29220412112772
0.98092160630040
0.78201956953853
0.27476300834678
0.45439598849043
0.45667094970122
0.70780825754628
0.69366558012553
0.48793839965947
0.19657173822634
0.81821971945465
0.38796869735233
0.69922547624446
0.44045522715896
0.92426017066464
0.16471147444099
0.80435546021909
0.42160318652168
0.96957546612248
0.36916903662495
0.44750988134183
0.57705221837386
0.69719523587264
0.71973775909282
0.23261020705104
0.22232814086601
0.88582724472508
0.69812545366585
0.46857090294361
0.52483329130337
0.95887662749738
0.80660475883633
0.98266958165914
0.93716603470966
0.22204040363431
0.05783462827094
0.41622528689913
0.50474549992941
0.76262713852338
0.46097044786438
0.20103910588659
0.78168043750338
0.69942735484801
0.79649648233317
0.05253188521601
0.85459189512767
0.15078303078189
0.02659211051650
0.46672662347555
0.65567972627468
0.09686394990422
0.35079417820089
0.82974980468862
0.92967090406455
0.18690441106446
0.42355125513859
0.57507052086294
0.27218324458227
0.49216402322054
0.56932170432992
0.62661907984875
0.89144272054546
0.48034558841027
0.96097473474219
0.51653197011910
0.75453029689379
0.03247939911671
0.46061168261804
0.52116895653307
0.22159481444396
0.59422576706856
0.26952931145206
0.60170550621115
0.92276979936287
0.66821927670389
0.84235974028707
0.63725869450718
0.68812941247597
0.08530207443982
0.09376508439891
0.69126443215646
0.41790188360028
0.26622688304633
0.78357894229703
0.35344951460138
0.99441103241406
0.26906364876777
0.07144239684567
0.63213837589137
0.77018169849180
0.40439408575185
0.68885223427787
0.96343160187826
0.32733903848566
0.86595861753449
0.31693056295626
0.67838541558012
0.51297492929734
0.59488090779632
0.12550757359713
0.25608353363350
0.89319605962373
0.45227526826784
0.22142763552256
0.32027564942837
0.59887543832883
0.90417357278056
0.82237049075775
0.90220803464763
0.00431233900599
0.84842396900058
0.03553507733159
0.41994106583297
0.59673492820002
0.22397427936085
0.44761319365352
0.54783104080707
0.28981797350571
0.60192017862573
0.29080450208858
0.44327127910219
0.36271294043399
0.39794214558788
0.03196364920586
0.70227360608988
0.28292877692729
0.11762220645323
0.16313720075414
0.65997636015527
0.92531752097420
0.74913857528009
0.76803924818523
0.39000283880159
0.96669293055311
0.36323616653681
0.78664442524314
0.54036846035160
0.85988152842037
0.57915092329495
0.26018608687446
0.30710985511541
0.79485203092918
0.96773081645370
0.57999468455091
0.12749099847861
0.13590711564757
0.91992128989659
0.46378482924774
0.69259070698172
0.25172078865580
0.06783700082451
0.88040475314483
0.18748988653533
0.41264817980118
0.47657262650318
0.05815876298584
0.92783547122963
0.61481504188851
0.24563614116050
0.36443827231415
0.63977107685059
0.55646509095095
0.21298692072742
0.92368782218546
0.44120196509175
0.79482645587996
0.32772409310564
0.21717498265207
0.78912217682227
0.97026491118595
0.99573945719749
0.86371562047862
0.62079397472553
0.48018380370922
0.52579300990328
0.07076380145736
0.60635669529438
0.66346538206562
0.09036842174828
0.75623159203678
0.38233557157218
0.70519698597491
0.90569044812582
0.21669777343050
0.12002056767233
0.85153674287722
0.41809954401106
0.19432764942758
0.11149785667658
0.39731815829873
0.41856330959126
0.39945055171847
0.58677952061407
0.11245672591031
0.07159819430672
0.00018243002705
0.92259510373697
0.41013365564868
0.23840449471027
0.87040343577974
0.86214622948319
0.73579435260035
0.12221963913180
0.09626348502934
0.49482041294686
0.28648934233934
0.59068392519839
0.91351755918004
0.36033625877462
0.11130749783479
0.22164874686860
0.64321786607616
0.80260404385626
0.14867230388336
0.16866448405199
0.73713557654992
0.19036261108704
0.09205746930093
0.99296430288814
0.60362093802541
0.57225358509459
0.63922996330075
0.66103045432828
0.21932142134756
0.03351786639541
0.86896947491914
0.43254468566738
0.63609812664799
0.13824605126865
0.70989343826659
0.69091101456434
0.45918664662167
0.38002432510257
0.53252617130056
0.93413969269022
0.44635419012047
0.15413936390541
0.89681584876962
0.57205522502773
0.94258219422773
0.24545765086077
0.88725377060473
0.09817116288468
0.64740277407691
0.53692681319080
0.22469676611945
0.88969832635485
0.85097029712051
0.28292791196145
0.57339904084802
0.94592335540801
0.13101994735189
0.13035945151933
0.37167440517806
0.37516159564257
0.29461503191851
0.18719696882181
0.91693887487054
0.16306464583613
0.93043878721073
0.15253841294907
0.18830528249964
0.96061851875857
0.97274037101306
0.33309325366281
0.19938148488291
0.77082045841962
0.96120624686591
0.85655875923112
0.54768730350770
0.75308423815295
0.75740260747261
0.74547218508087
0.58405160042457
0.47483658208512
0.23113987850957
0.12618982465938
0.91058568423614
0.37272972217761
0.94674960197881
0.58455677866004
0.69320695544593
0.87043005763553
0.84334994107485
0.54772250354290
0.71579999383539
0.06553997867741
0.44645163393579
0.85569753963500
0.37044227565639
0.81231485377066
0.37859398615547
0.01409666752443
0.22608129261062
0.69105750159360
0.66337819606997
0.97785047022626
0.42908861441538
0.57952428190038
0.83980744262226
0.92894884385169
0.11133497999981
0.31121861352585
0.09780666278675
0.07166799786501
0.48439578455873
0.57439382118173
0.74391002324410
0.15136801451445
0.20403393614106
0.84233869472519
0.63800965016708
0.11216554651037
0.48485145438462
0.96961282007396
0.72279501101002
0.91044960264117
0.04835389158688
0.41431297035888
0.37650996679440
0.51324552507140
0.28666504635476
0.93167756614275
0.16282800771296
0.04432219779119
0.09266014606692
0.45795635646209
0.20743988174945
0.34267859905958
0.87569574872032
0.08366280165501
0.33295883680694
0.45555777801201
0.75318935234100
0.56266720104031
0.77183777396567
0.50162612251006
0.23995375796221
0.44376645889133
0.44049471407197
0.68608709308319
0.02867653034627
0.07110334932804
0.97110113664530
0.66870791045949
0.47286307741888
0.78727380023338
0.64292599190958
0.76867866422981
0.21778510184959
0.42376472405158
0.12220433843322
0.17566644912586
0.71852058265358
0.25476787867956
0.27724287100136
0.75519120786339
0.46310059307143
0.81972412765026
0.80000169249251
0.93276413553394
0.32595510873944
0.21527171274647
0.83615453634411
0.31457959767431
0.19960434455425
0.88252461305819
0.56559131597169
0.09140976052731
0.81373640475795
0.93351197545417
0.65413955715485
0.61532375914976
0.66488757566549
0.86359499767423
0.72192910057493
0.67687007877976
0.02355534583330
0.93673297949135
0.05947760795243
0.49364237138070
0.33957640407607
0.96684768027626
0.76410702336580
0.76934961020015
0.12331530684605
0.90554581535980
0.11841434123926
0.74174765381031
0.39342451700941
0.70944364392199
0.00876409420744
0.27122539002448
0.80195432784967
0.68172711716034
0.44904824183322
0.02059396379627
0.17823678231798
0.19309800956398
0.75699310749769
0.78518904349767
0.14544671936892
0.53321115463041
0.68284116894938
0.97427567350678
0.65104871429503
0.32835741387680
0.79576195846312
0.21297318791039
0.02480106125586
0.66998787922785
0.66857194970362
0.77217863523401
0.53661217004992
0.03880036599003
0.91972158988938
0.92288511316292
0.41643710504286
0.09702400001697
0.30906358337961
0.89017038582824
0.63357839593664
0.86410757154226
0.56094415811822
0.74894526135176
0.68797832215205
0.69639097945765
0.85761475400068
0.91216707346030
0.83919145632535
0.48680740175769
0.23316817078739
0.22169184871018
0.46852618828416
0.58326621120796
0.01014178013429
0.70258038560860
0.65765938069671
0.83777119941078
0.06970260455273
0.50526538025588
0.23740228777751
0.49544198554941
0.51878712372854
0.26635462138802
0.40398849407211
0.16071762819774
0.58556876773946
0.09440301824361
0.86836798046716
0.04959794133902
0.07844167039730
0.14380477997474
0.56475815223530
0.04011139855720
0.17633445677347
0.02321043610573
0.67077300581150
0.14877298125066
0.92192242434248
0.78437818144448
0.02943640737794
0.79041661950760
0.52685289690271
0.83334446488880
0.48825737927109
0.67930312547833
0.27238319721073
0.87100502266549
0.81079935445450
0.07557569188066
0.62216374743730
0.03894037916325
0.91562744043767
0.94991216459312
0.79169430769980
0.58844737987965
0.17517809802666
0.04570918274112
0.25983226834796
0.25338859111071
0.47570473910309
0.78118941513821
0.68901672004722
0.37310086772777
0.99694013502449
0.64849299192429
0.83607270405628
0.12128660548478
0.89186979201622
0.15596239757724
0.43984375637956
0.98130085831508
0.26901944982819
0.59572980296798
0.30914651555941
0.07603613310494
0.30607923259959
0.47784144734032
0.28066608007066
0.61020665033720
0.58413384784944
0.90072347456589
0.64384276000783
0.76715641678311
0.26361227175221
0.30513219395652
0.64855260215700
0.47875404730439
0.56123437290080
0.80261348793283
0.34079075860791
0.93395645334385
0.94345850893296
0.42704485193826
0.63201653445140
0.32900977879763
0.59683347679675
0.55713756848127
0.32081577903591
0.63507034047507
0.50429256772622
0.01474814815447
0.44390119775198
0.41346592921764
0.70412513287738
0.28165828296915
0.18332680012099
0.14840880199336
0.43658733600751
0.64792860904709
0.61388855893165
0.23120786878280
0.59722609585151
0.37122353073210
0.59871755540371
0.07402466842905
0.94283985462971
0.06860709073953
0.71079517598264
0.44833341892809
0.66587507468648
0.22980274865404
0.17137623601593
0.54062295006588
0.70774250081740
0.35504601080902
0.91948223160580
0.22558593936265
0.35418575443327
0.07154432171956
0.23898226488382
0.70951018808410
0.09684767830186
0.23532514274120
0.28162476234138
0.00146222184412
0.71243189461529
0.07899081613868
0.02421816810966
0.41058814106509
0.28172991401516
0.88064751471393
0.70224679284729
0.46726573770866
0.03952146717347
0.22027248679660
0.86485016159713
0.18690205458552
0.32249396410771
0.50793957686983
0.37000618735328
0.01371877454221
0.02857241989113
0.67254205956124
0.92674953793176
0.22486928198487
0.11686124885455
0.30454536154866
0.75783106242307
0.41212546080351
0.16516644833609
0.15747407753952
0.45069410908036
0.38637085608207
0.70568633335643
0.15668950229883
0.11261010007001
0.65532776457258
0.65451033948921
0.84184692334384
0.90664441557601
0.36646841745824
0.28816482983530
0.41380755905993
0.30114496918395
0.26901499670930
0.88741730432957
0.36665141792037
0.93327701161616
0.38727984740399
0.09096517390572
0.76965908450074
0.77803311753087
0.54979768954217
0.11864759610035
0.56602267012931
0.69375524669886
0.48172826692462
0.23875321447849
0.48391702910885
0.29690072988160
0.40096375485882
0.33114421577193
0.16033491282724
0.08746392186731
0.24404250248335
0.57913130871020
0.01159490668215
0.89265178074129
0.87344024120830
0.62560888938606
0.79703982733190
0.92029250389896
0.23512953589670
0.54171151551418
0.54049240937456
0.91952178487554
0.74335394939408
0.67377328546718
0.05466010165401
0.18466909625567
0.77193917334080
0.86143673863262
0.54819932067767
0.31473675323650
0.01171171106398
0.31954676751047
0.78841384942643
0.52083444176242
0.90414782403968
0.17508161673322
0.76953550288454
0.36316607426852
0.38593912194483
0.07523072301410
0.89582834090106
0.74367225402966
0.25860305433162
0.38094561826438
0.43871340504847
0.77121164486744
0.06403842940927
0.90124726761132
0.38256415002979
0.66564969066530
0.28439016849734
0.70071409759112
0.96804538532160
0.18565533263609
0.94985313876532
0.25949879712425
0.53501387848519
0.29315292276442
0.34986126096919
0.98651383118704
0.07021458540112
0.34042554884218
0.99286976130679
0.03686373541132
0.08449974888936
0.77143547451124
0.05307254008949
0.62782628065906
0.47632932243869
0.18449519900605
0.75905323331244
0.08024009270594
0.10059477179311
0.49916339945048
0.70895647094585
0.83332967548631
0.85917123500258
0.77639460517094
0.87469248916022
0.06014893343672
0.63477217382751
0.47444772650488
0.43600413482636
0.32278362405486
0.80974941002205
0.70774331758730
0.60902646649629
0.17608803953044
0.69425260717981
0.32051069731824
0.67448165128008
0.25453062797897
0.32765830075368
0.84858366404660
0.83041186491027
0.82858365215361
0.26298814755864
0.27219812385738
0.07016582204960
0.08120581205003
0.34888569312170
0.97225324483588
0.36919196462259
0.80142272170633
0.79738982394338
0.73898199340329
0.50595023995265
0.91565408534370
0.37742204428650
0.23447700124234
0.62630124227144
0.99530982109718
0.86934452340938
0.76771027897485
0.74822051357478
0.88837440591305
0.34504559729248
0.72299103066325
0.52828904753551
0.52023011539131
0.86657857266255
0.15307074924931
0.95092691550963
0.43988241022453
0.44429243868217
0.47128965985030
0.95005336683244
0.63404746237211
0.26431492902339
0.08915702044033
0.40141984005459
0.90218763053417
0.19248186820187
0.68027597828768
0.63383150496520
0.43829905102029
0.05074739619158
0.08429650799371
0.63469872204587
0.03959235874936
0.90919826296158
0.92829476599582
0.37696130434051
0.93470688909292
0.66551426355727
0.12123821931891
0.80435510305688
0.34917794889770
0.12722662393935
0.56013053283095
0.24139837338589
0.18602085020393
0.57216321513988
0.71625744784251
0.62511429726146
0.41980455489829
0.28866631747223
0.52892968081869
0.86766898492351
0.18949616677128
0.14466283400543
0.79277120158076
0.50804487871937
0.50578386033885
0.94138752575964
0.18070345325395
0.17725301510654
0.73671303503215
0.91334862052463
0.95809091324918
0.28773856814951
0.88604411622509
0.79129217588343
0.28565578954294
0.10029725544155
0.11750071332790
0.02016789698973
0.79882570262998
0.77419785968959
0.11583718657494
0.20938267512247
0.03343584691174
0.19658046052791
0.00121258385479
0.16718445019796
0.03812649473548
0.45543062780052
0.95924729853868
0.52656186372042
0.71146755269729
0.76000197278336
0.75604852708057
0.38046204531565
0.45571569376625
0.88353810971603
0.57024816889316
0.99197636335157
0.09626474231482
0.83577193692327
0.98111733887345
0.33934118994512
0.97445251443423
0.17808817885816
0.11305587179959
0.79800337832421
0.95555500732735
0.84697434515692
0.46353487321176
0.25780794210732
0.48653554474004
0.78557523479685
0.44351442786865
0.42055173777044
0.16617164062336
0.51335375988856
0.56848834711127
0.41541898902506
0.75118617131375
0.91319016949274
0.51970446202904
0.58492427319288
0.93462012032978
0.49901264044456
0.66395929642022
0.19179224851541
0.99307260080241
0.86494356812909
0.80014928244054
0.25049114879221
0.65890314080752
0.23236217070371
0.26662258664146
0.86038006586023
0.48753891955130
0.95558589836583
0.45102606131695
0.07130953203887
0.84230702929199
0.00610419735312
0.39481393108144
0.96974495355971
0.23477423610166
0.17050220817327
0.18859523441643
0.16668100352399
0.61828115140088
0.01144280424342
0.82596759288572
0.91300592827611
0.74217530479655
0.87442902475595
0.14479295397177
0.07254330487922
0.62645936943591
0.03991386503913
0.74737102934159
0.68941632728092
0.23342346469872
0.43696997640654
0.11171893216670
0.44521756120957
0.57436576811597
0.89109037420712
0.54510105331428
0.12517523486167
0.99368402501568
0.49470187001862
0.52470354642719
0.51490069716237
0.24888147134334
0.90557335503399
0.34306255169213
0.27871652040631
0.94054452376440
0.04301811475307
0.39812698913738
0.40193402813748
0.77596735255793
0.54137926013209
0.96182378684171
0.39469875604846
0.25920589803718
0.80645818961784
0.51301056682132
0.41355025814846
0.30492512392811
0.31101607671008
0.72707282821648
0.52420723182149
0.67392956558615
0.37175858509727
0.01418810989708
0.35631456365809
0.86278961971402
0.13750049634837
0.79993169871159
0.93417853116989
0.03123063198291
0.56301018688828
0.62934808037244
0.60763947060332
0.92257754318416
0.86477378150448
0.30431221495382
0.00857348646969
0.87439800496213
0.49416794697754
0.18028462771326
0.54662952688523
0.58220918057486
0.79840620933101
0.43669806700200
0.23400914459489
0.43260802794248
0.03176265303046
0.80788548593409
0.96479610144161
0.83013513684273
0.67517813947052
0.90198493027128
0.02796956803650
0.43803411605768
0.81714188237675
0.72743378928863
0.99096351000480
0.62639780482277
0.08097128313966
0.29408782115206
0.41595017234795
0.85095502971672
0.04939170344733
0.95554177486338
0.20174814830534
0.99372119060718
0.94089590734802
0.70294058509171
0.99582392396405
0.00342187331989
0.68047889554873
0.88138287677430
0.83815411897376
0.08757227449678
0.74338102899492
0.96237210044637
0.90319842216559
0.57269175793044
0.14610443427227
0.77147447387688
0.91995565686375
0.73910957761109
0.05763160809875
0.46885615703650
0.00793294655159
0.06506434222683
0.79697281192057
0.44150635995902
0.88843040028587
0.03937450679950
0.71464239899069
0.73135518049821
0.60210764128715
0.74169322918169
0.92677085241303
0.94623605301604
0.90482768416405
0.91598615958355
0.69834779156372
0.06360164866783
0.47312955278903
0.91293101292104
0.58606433868408
0.71861423971131
0.61791656934656
0.83853885577992
0.76547901937738
0.30459287948906
0.21845717588440
0.38547469396144
0.37014650483616
0.74414196796715
0.10312693519518
0.95054545253515
0.30116724059917
0.96158644789830
0.99951980682090
0.93128434428945
0.51412838464603
0.53049956890754
0.81580562633462
0.58100142795593
0.41651081689633
0.14720805571415
0.70498609938659
0.79640962020494
0.88908611400984
0.93697445816360
0.27457177499309
0.35124521772377
0.65312382578850
0.34934852225706
0.75875275139697
0.27042519138195
0.48355768225156
0.53506159689277
0.40397932915948
0.16139029641636
0.61823940626346
0.51370578934439
0.86197072407231
0.71773602929898
0.43556105229072
0.08248783927411
0.20904488768429
0.21383050549775
0.06747675104998
0.97766754426993
0.33078121347353
0.69812792609446
0.22160020400770
0.95241612126119
0.38170671067201
0.67193970945664
0.38079576310702
0.09322189167142
0.15231650276110
0.86884564789943
0.81132324808277
0.34100734745152
0.22789329662919
0.07583280326799
0.74385539395735
0.85119978082366
0.61958343721926
0.17631699587218
0.99499379075132
0.42794052977115
0.14190831896849
0.99330768315122
0.12445321655832
0.47927908902057
0.85245215240866
0.66656087292358
0.95980689814314
0.82261542510241
0.46489358646795
0.69611823232844
0.90997898322530
0.39087208081037
0.05833815666847
0.45584568707272
0.04035161645152
0.26569055323489
0.01622478151694
0.26329291518778
0.88966095354408
0.99601606465876
0.55178301176056
0.69873388786800
0.87339069484733
0.85715436539613
0.39483475382440
0.32723885634914
0.05175828002393
0.64395651780069
0.63738372363150
0.44633123418316
0.50057029211894
0.83719452214427
0.72636493365280
0.68313752836548
0.86015822621994
0.34696833323687
0.58005453064106
0.43418874521740
0.26142333727330
0.05843556299806
0.27247812715359
0.28071980201639
0.72514766245149
0.66766406339593
0.07166371983476
0.33148016408086
0.11282163881697
0.14966337359510
0.67811928875744
0.00868400465697
0.35623496770859
0.24105819943361
0.90012845047750
0.25584383332171
0.61613732133992
0.57567392429337
0.91609344119206
0.22084711282514
0.08265562728047
0.62201638659462
0.94547620322555
0.69242554926313
0.16608939878643
0.47916942765005
0.85502010351047
0.53934352798387
0.93973974417895
0.56168079655617
0.70778120122850
0.35107361641712
0.23377958219498
0.68192107696086
0.18257200368680
0.68461994314566
0.00055581843480
0.23018145328388
0.73685434530489
0.82618771749549
0.56384728220291
0.86782261496410
0.54430454806425
0.36007323558442
0.29317497136071
0.06425302801654
0.46775925159454
0.09707364207134
0.51007129298523
0.29886780516244
0.82705871481448
0.43674043915235
0.02386486064643
0.92271169996820
0.86250404128805
0.09024876565672
0.22129280189984
0.99460082338192
0.68670531990938
0.37136837420985
0.41555099328980
0.69812727486715
0.23017907538451
0.75827630166896
0.07128619076684
0.68273201491684
0.01897723576985
0.27101551112719
0.10479905316606
0.67806840944104
0.56840294413269
0.30276841903105
0.09726197388954
0.53913079760969
0.69643368571997
0.00089248479344
0.62210540170781
0.74632452335209
0.74331168015487
0.81742141768336
0.55189233995043
0.68085015611723
0.60840901313350
0.40183614357375
0.73545135557652
0.17898207204416
0.42113226535730
0.56097587570548
0.90062670968473
0.38561381003819
0.96728416043334
0.27154168835841
0.39479209948331
0.89563576527871
0.66042480245233
0.35055822529830
0.79307167697698
0.03262003394775
0.30222948268056
0.36120484210551
0.96459441469051
0.27168423286639
0.28230442060158
0.98916338779964
0.59437030344270
0.24902820819989
0.92951989592984
0.04539807373658
0.75236922991462
0.62964559486136
0.52728770743124
0.52713815076277
0.65211810893379
0.66816063481383
0.20791330910288
0.92683831835166
0.87118931161240
0.39100988046266
0.30521081271581
0.50639048940502
0.39476119633764
0.90344584523700
0.09776406851597
0.63783254055306
0.65517179854214
0.34659963008016
0.07386754243635
0.47618508734740
0.95253430376761
0.94152471469715
0.02087527979165
0.17563938046806
0.22507524350658
0.38667845050804
0.94930233363993
0.38255732157268
0.11186153581366
0.13649017643183
0.23226144071668
0.03590532857925
0.59587838943116
0.08469394082204
0.00356455123983
0.16393146966584
0.09537851065397
0.49267006479204
0.49717446952127
0.59137287503108
0.04114008019678
0.84431900456548
0.49924541008659
0.90881463256665
0.69193245633505
0.19126133085229
0.73122195689939
0.35454924916849
0.90249758656137
0.16237862175331
0.14537842222489
0.59315687580965
0.82339011435397
0.42991876043379
0.28135378495790
0.96242317371070
0.87550585158169
0.42509548901580
0.84595024702139
0.35826996807009
0.10379227483645
0.28331051976420
0.22649056138471
0.78491705912165
0.15504059288651
0.60987645550631
0.47340898541734
0.33332297788002
0.25760698760860
0.02630498027429
0.75409684167244
0.55870959535241
0.14543818309903
0.99585823481902
0.64427373022772
0.44713274529204
0.47024258016609
0.19818993075751
0.32356696343049
0.04424102976918
0.41712437663227
0.68242355575785
0.26004071184434
0.81749013951048
0.43527646688744
0.13567499676719
0.71538941212930
0.93560262187384
0.15675492002629
0.13881867262535
0.24130483181216
0.56335144001059
0.59032859210856
0.53963759401813
0.04448437807150
0.01069752499461
0.33703771466389
0.99558678432368
0.35118101187982
0.91298510809429
0.59630195819773
0.38290322967805
0.47700681141578
0.98767620627768
0.99285054253414
0.00939627061598
0.81453868490644
0.02752759563737
0.14936852804385
0.58043791563250
0.98285118443891
0.92707186401822
0.03558131819591
0.91312372032553
0.52032608096488
0.38056772551499
0.27793608116917
0.12989915930666
0.44424127321690
0.06518602836877
0.77772507304326
0.12946702959016
0.86057884944603
0.98632509284653
0.14997437247075
0.39079281245358
0.63568133488297
0.88952057692222
0.04855065955780
0.09980762889609
0.18026084871963
0.42554087773897
0.97727911360562
0.39128873939626
0.63160498067737
0.93596643768251
0.46435741335154
0.25941585795954
0.87043699133210
0.11711884732358
0.32289834343828
0.23499483917840
0.81780100171454
0.69891294441186
0.38323013111949
0.23672275547870
0.04478919506073
0.14246117975563
0.77108782366849
0.90849998174235
0.66824580030516
0.43352992366999
0.65852862247266
0.16696629836224
0.67938279686496
0.63174078450538
0.30626942845993
0.71413920447230
0.05727781029418
0.21544175990857
0.87473372649401
0.99188825092278
0.98676441935822
0.82225722423755
0.96750282053836
0.80885746958666
0.75233385642059
0.94542351900600
0.60589131666347
0.91601984365843
0.05231066211127
0.04642621474341
0.32922151731327
0.24780512298457
0.74371094396338
0.14101591636427
0.07454677554779
0.63525736774318
0.87024269881658
0.20877833454870
0.15336646535434
0.84084528614767
0.73274629865773
0.00266926060431
0.72572968644090
0.49050929374062
0.08975533745252
0.42972120200284
0.66369726136327
0.93208234664053
0.87082017632201
0.04510311619379
0.72776975389570
0.22788808890618
0.95441908831708
0.87074226723053
0.20808350783773
0.09426300250925
0.62320616282523
0.60423865728080
0.35659569851123
0.15546528599225
0.45187045284547
0.37765701510943
0.94751089578494
0.63708350784145
0.39817317109555
0.10007640207186
0.89283098699525
0.16688139899634
0.82864687265828
0.36949514760636
0.48897181730717
0.10255850385875
0.03212599083781
0.33385411254130
0.18471988895908
0.00804257974960
0.15804618434049
0.42528157564811
0.86889783223160
0.49378284974955
0.76584012759849
0.67429398256354
0.56193460687064
0.09817402437329
0.25929570849985
0.00331774610095
0.19437725120224
0.22557957773097
0.24951377417892
0.87837236537598
0.23477392736822
0.40064229303971
0.61377392895520
0.47654948965646
0.63835071073845
0.67525560059585
0.19570203265175
0.90166471898556
0.30037894565612
0.23727695690468
0.00669913645834
0.51325155352242
0.31798515096307
0.20334615162574
0.54721528128721
0.20258869137615
0.08597695897333
0.92545339418575
0.49872771627270
0.40675262594596
0.74746260372922
0.48609356954694
0.80749056092463
0.51739152288064
0.23346278141253
0.76417479407974
0.55742550478317
0.75193758239038
0.29714037408121
0.87802640534937
0.69444913556799
0.29063979745843
0.43556746467948
0.15293189091608
0.98454660247080
0.87826187070459
0.79182552872226
0.61626321449876
0.62646474665962
0.35682670958340
0.23550023697317
0.06959905661643
0.27508043148555
0.20812705974095
0.74968828610145
0.05085219047032
0.75217219628394
0.68770761415362
0.41660296916962
0.41068871039897
0.63777674851008
0.28919070679694
0.30657104402781
0.68432701216079
0.59832381876186
0.54303088434972
0.00264123710804
0.42649196763523
0.86962461052462
0.55997486598790
0.24752105795778
0.16594172758050
0.54304001526907
0.36796876718290
0.55901570594870
0.66013072337955
0.59539741929621
0.92452569329180
0.56502551771700
0.92412437777966
0.83280063350685
0.00085128610954
0.37888096366078
0.99588381592184
0.17573536466807
0.06311745732091
0.00611072499305
0.82632532971911
0.88307437091134
0.85272819455713
0.72796037956141
0.17239950760268
0.38626074930653
0.63626694516279
0.89126975229010
0.30855614528991
0.07027497049421
0.77562636020593
0.83102201577276
0.03324795584194
0.25538192386739
0.84780158917420
0.97704359027557
0.20753501937725
0.70364232687280
0.44989968137816
0.89573818887584
0.11095028812997
0.55062485998496
0.67932487814687
0.24983128765598
0.58534663519822
0.60978257213719
0.17204020684585
0.79632354760543
0.96815021079965
0.51005237107165
0.57581920339726
0.23221358726732
0.23673386359587
0.49946342315525
0.90603994973935
0.13001478696242
0.16462629404850
0.50716191716492
0.06230950076133
0.00018388847820
0.00219064811245
0.47800056845881
0.86772332875989
0.35123619111255
0.70280748279765
0.69195577246137
0.43237981968559
0.25740355905145
0.35193770821206
0.64038270828314
0.65792041970417
0.34713169513270
0.91024580900557
0.94540547323413
0.25838571460918
0.87898730230518
0.81603374122642
0.33321032603271
0.25675450684503
0.61706146807410
0.08235698100179
0.33267372893170
0.47748581902124
0.59732218878344
0.19622785667889
0.57182481815107
0.14652559510432
0.92469025659375
0.54086563899182
0.11386750638485
0.89377190568484
0.35868385899812
0.13036448997445
0.98737235320732
0.09791000047699
0.68221301515587
0.58988467347808
0.48794670985080
0.46412091446109
0.31590496492572
0.03213704121299
0.14958457951434
0.64180452493019
0.00367841124535
0.08604910038412
0.49312406219542
0.46908113197424
0.57413959573023
0.49844055948779
0.33823361294344
0.79517399799079
0.71039397292770
0.05727466405369
0.47017446695827
0.85625480627641
0.46955324918963
0.56207290175371
0.24345587706193
0.87779881991446
0.52426855615340
0.91302390419878
0.89924583630636
0.01598594151437
0.80123911495320
0.44014125666581
0.29624881595373
0.89803935447708
0.79723279993050
0.59617233462632
0.90797848813236
0.09349351935089
0.91029257955961
0.06059258547612
0.32763039693236
0.45613391674124
0.03795973607339
0.48822237015702
0.46987294242717
0.35881901206449
0.73510387749411
0.02411473402753
0.18486460391432
0.57957399403676
0.34270173870027
0.05251252977178
0.23091660765931
0.09093025280163
0.15379618527368
0.94591964269057
0.32479480351321
0.36318747489713
0.28909945720807
0.44168347259983
0.22387864673510
0.40740389376879
0.01093285926618
0.51049469807185
0.53846053243615
0.20444551226683
0.60771319107153
0.22117401519790
0.22624191269279
0.75539203407243
0.17176896659657
0.24703905801289
0.65938847628422
0.19506792747416
0.29565897001885
0.66075323801488
0.91298112645745
0.61785042658448
0.77928789518774
0.19516053097323
0.22663471661508
0.29286347259767
0.58808751334436
0.71609125845134
0.45976857864298
0.10313188028522
0.37429340369999
0.87140143779106
0.97785383299924
0.41857773298398
0.66620720247738
0.59030292602256
0.55964136705734
0.35342962713912
0.18314890144393
0.35109649039805
0.40814997768030
0.05901153641753
0.60606611566618
0.57678925083019
0.03192295948975
0.42918546055444
0.41577696567401
0.62744657811709
0.65831047575921
0.04746812907979
0.56309726485051
0.15984711376950
0.81258641672321
0.70142662455328
0.93895643181168
0.77736538136378
0.81035217503086
0.91575515829027
0.59805295802653
0.22089765709825
0.49407890951261
0.22254997654818
0.58084285957739
0.96911454130895
0.37828983622603
0.76002642139792
0.81766795762815
0.15516339614987
0.47337169176899
0.28287075459957
0.15824307152070
0.01797175244428
0.36795371188782
0.53228259412572
0.50657254736871
0.31197099690326
0.61873953952454
0.51101985550486
0.64706392516382
0.65694928006269
0.47588264243677
0.92075249622576
0.96870386321098
0.54350790358149
0.62025100109167
0.90820303256623
0.08732688892633
0.89300577063113
0.85513108246960
0.64871016424149
0.35579979140311
0.42405390413478
0.83820257824846
0.47029538173229
0.03852413292043
0.96087373676710
0.35287247668020
0.79377193865366
0.06006970885210
0.68901372631080
0.76407211739570
0.09699881565757
0.98235882096924
0.85559880081564
0.74529907759279
0.51246472867206
0.63274066755548
0.85477601434104
0.64622329082340
0.98438761779107
0.93524764920585
0.67998913978226
0.04006228316575
0.61398397758603
0.27905753324740
0.54570867493749
0.33626929321326
0.42514783935621
0.41934616956860
0.53763693291694
0.82855004002340
0.82763807475567
0.75137340207584
0.99555329582654
0.76065227063373
0.20315630151890
0.29173372033983
0.56193113583140
0.30341236875392
0.46860791696236
0.20935440575704
0.20845315745100
0.36739383661188
0.88685163739137
0.08239603345282
0.76628728164360
0.79390536132269
0.95993398874998
0.80589679256082
0.38391448417678
0.36987686320208
0.15942509379238
0.76840135641396
0.15164972981438
0.30773654906079
0.89289655396715
0.59389446023852
0.64917749655433
0.78052770020440
0.90106754866429
0.13542056875303
0.05923189083114
0.47145858150907
0.90920954057947
0.50334540312178
0.69926250469871
0.64660073909909
0.60592168848962
0.96736520668492
0.71515763853677
0.63565657148138
0.03033027681522
0.99517153995112
0.57758753397502
0.21243358636275
0.13699423288926
0.34034474706277
0.97091026487760
0.84337331634015
0.12481496576220
0.94867415213957
0.66696900897659
0.71949223335832
0.63205788098276
0.11115177907050
0.72088779904880
0.39760290621780
0.53536992776208
0.77407833072357
0.08162945136428
0.05997554189526
0.39955372223631
0.67967598349787
0.52262204466388
0.67945751594380
0.44756106170826
0.81480399798602
0.03068852913566
0.60309767932631
0.12993883271702
0.28484550723806
0.58757184655406
0.15624448750168
0.61357904598117
0.00385852274485
0.68863494973630
0.98387374705635
0.22091187094338
0.68486673361622
0.33463135571219
0.21018410986289
0.03443194669671
0.11227644677274
0.92447967501357
0.00023553241044
0.24588017514907
0.00361032900400
0.66709101386368
0.92484974558465
0.17460836679675
0.60703385085799
0.75152534479275
0.80365618993528
0.46022289688699
0.42939525237307
0.81034396681935
0.59023813274689
0.42118697613478
0.37974590319209
0.53393450845033
0.60448337486014
0.99445148324594
0.92997614829801
0.70642211404629
0.55640957341529
0.91669746697880
0.72881820308976
0.86846860428341
0.18103118799627
0.25897959363647
0.28904318762943
0.34937606030144
0.11701444745995
0.18012781883590
0.64549237862229
0.00794357457198
0.93899145675823
0.09468509070575
0.84682027832605
0.26548841292970
0.75086778867990
0.87600339390337
0.90583183523268
0.97754713776521
0.60811493266374
0.29513953044079
0.78318644268438
0.22131918091327
0.26294513628818
0.21418559690937
0.07675495301373
0.75882256310433
0.50201158435084
0.83096742420457
0.60832952056080
0.20960131916218
0.87002673931420
0.09479456720874
0.71427671611309
0.05377971660346
0.14002886810340
0.62118934956379
0.70635592401959
0.29918546066619
0.70447780587710
0.93100654543377
0.35466188332066
0.49204251333140
0.34879762446508
0.67864222568460
0.70076845097356
0.01476676203310
0.17220383882523
0.42333099409007
0.91596586490050
0.77783255721442
0.65623619291000
0.82963246665895
0.83493842696771
0.26327981450595
0.98356798198074
0.34737895498984
0.69392605777830
0.98788368026726
0.30210136249661
0.12192564969882
0.36447207536548
0.31958816363476
0.00909291300923
0.11467761802487
0.85009585251100
0.05897386372089
0.28152383002453
0.18046133965254
0.97919633612037
0.11801162967458
0.77898634225130
0.53761325264350
0.61531250365078
0.69702400453389
0.61949828383513
0.88437513983808
0.73957269103266
0.75399244413711
0.87064791494049
0.41661236621439
0.71834655851126
0.59604894439690
0.44051409419626
0.71883676969446
0.89342393237166
0.63311188970692
0.93277058796957
0.26264685485512
0.29047730774619
0.50453667156398
0.47186584188603
0.84579739021137
0.59623617888428
0.89391454285942
0.91658596484922
0.09944963152520
0.53097559697926
0.92032299167477
0.97694447590038
0